# Hand-eye calibration results (generated 2026-04-14 13:16:02)

hand2eye:
  rows: 4
  cols: 4
  data: [0.9998205641, 0.01893759031, 0.0004552873735, 0.01074826983, -0.01893821509, 0.9998196624, 0.001409528069, 0.05809719524, -0.000428512203, -0.00141789748, 0.999998903, 0.1014664403, 0, 0, 0, 1]

object2world:
  rows: 4
  cols: 4
  data: [0.02725542359, 0.9994264671, 0.0200967357, 0.3609726787, 0.9996170538, -0.0273458194, 0.004236978812, -0.08056987031, 0.00478411047, 0.01997355908, -0.9997890624, -0.008204603946, 0, 0, 0, 1]

calibration_metrics:
  reprojection_error_px: 18.1469
