# Hand-eye calibration results (generated 2026-04-14 11:06:48)

hand2eye:
  rows: 4
  cols: 4
  data: [0.998855526, 0.04228223898, 0.0223573336, 0.008464136612, -0.0383706669, 0.9874515859, -0.1531896126, 0.3257702643, -0.02855398433, 0.1521564253, 0.987943871, -0.1703770105, 0, 0, 0, 1]

object2world:
  rows: 4
  cols: 4
  data: [0.9839559531, -0.08543646321, 0.1566246885, 0.0482123528, -0.07927045482, -0.9958273256, -0.04521208506, 0.0854971952, 0.1598339053, 0.03207098996, -0.9866228126, -0.1179714182, 0, 0, 0, 1]
