# Hand-eye calibration results (generated 2026-04-14 17:23:12)

hand2eye:
  rows: 4
  cols: 4
  data: [-0.6334355685, 0.7721233905, 0.05084142341, 0.01034817549, -0.7623208782, -0.6114207856, -0.2122062713, 0.07857065987, -0.1327639226, -0.1731764787, 0.9759014541, 0.1921645331, 0, 0, 0, 1]

object2world:
  rows: 4
  cols: 4
  data: [0.7437941293, -0.668200223, -0.01669596179, 0.3892706801, -0.64695448, -0.7134177241, -0.2692304806, 0.1692179764, 0.1679886721, 0.2110535782, -0.9629310428, 0.2494815968, 0, 0, 0, 1]

calibration_metrics:
  reprojection_error_px: 350.4986
